           0            1
 6.28319e-06  0.000307672     6.28383e-06  0.000307686
 6.44026e-06  0.000335886     6.44099e-06  0.000335903
 6.60127e-06  0.000366593     6.60208e-06  0.000366613
  6.7663e-06  0.000400002     6.76721e-06  0.000400026
 6.93546e-06   0.00043634     6.93647e-06  0.000436369
 7.10885e-06  0.000475849     7.10997e-06  0.000475884
 7.28657e-06  0.000518791     7.28783e-06  0.000518832
 7.46873e-06  0.000565447     7.47014e-06  0.000565496
 7.65545e-06   0.00061612     7.65702e-06  0.000616178
 7.84684e-06  0.000671133     7.84859e-06  0.000671203
 8.04301e-06  0.000730836     8.04497e-06  0.000730919
 8.24408e-06  0.000795602     8.24627e-06    0.0007957
 8.45019e-06   0.00086583     8.45262e-06  0.000865947
 8.66144e-06  0.000941948     8.66416e-06  0.000942087
 8.87798e-06   0.00102441     8.88101e-06   0.00102458
 9.09993e-06   0.00111371      9.1033e-06   0.00111391
 9.32742e-06   0.00121037     9.33119e-06    0.0012106
 9.56061e-06   0.00131493      9.5648e-06   0.00131521
 9.79962e-06   0.00142799     9.80429e-06   0.00142832
 1.00446e-05   0.00155018     1.00498e-05   0.00155056
 1.02957e-05   0.00168215     1.03015e-05    0.0016826
 1.05531e-05    0.0018246     1.05595e-05   0.00182514
  1.0817e-05   0.00197828     1.08241e-05   0.00197891
 1.10874e-05   0.00214396     1.10953e-05   0.00214471
 1.13646e-05   0.00232247     1.13734e-05   0.00232335
 1.16487e-05   0.00251466     1.16584e-05   0.00251569
 1.19399e-05   0.00272143     1.19507e-05   0.00272265
 1.22384e-05   0.00294372     1.22504e-05   0.00294516
 1.25443e-05    0.0031825     1.25576e-05   0.00318419
  1.2858e-05    0.0034388     1.28727e-05   0.00344078
 1.31794e-05   0.00371364     1.31957e-05   0.00371597
 1.35089e-05   0.00400812     1.35269e-05   0.00401084
 1.38466e-05   0.00432333     1.38666e-05   0.00432651
 1.41928e-05    0.0046604     1.42148e-05   0.00466413
 1.45476e-05    0.0050205     1.45719e-05   0.00502485
 1.49113e-05   0.00540478     1.49381e-05   0.00540985
 1.52841e-05   0.00581444     1.53137e-05   0.00582034
 1.56662e-05   0.00625066     1.56988e-05   0.00625752
 1.60578e-05   0.00671464     1.60937e-05   0.00672261
 1.64593e-05    0.0072076     1.64988e-05   0.00721684
 1.68708e-05   0.00773074     1.69142e-05   0.00774144
 1.72925e-05   0.00828527     1.73402e-05   0.00829765
 1.77248e-05    0.0088724     1.77772e-05    0.0088867
  1.8168e-05   0.00949338     1.82254e-05   0.00950987
 1.86222e-05    0.0101494     1.86851e-05    0.0101684
 1.90877e-05    0.0108418     1.91566e-05    0.0108637
 1.95649e-05    0.0115719     1.96402e-05     0.011597
  2.0054e-05    0.0123409     2.01364e-05    0.0123697
 2.05554e-05    0.0131504     2.06453e-05    0.0131834
 2.10693e-05    0.0140017     2.11674e-05    0.0140395
  2.1596e-05    0.0148966      2.1703e-05    0.0149397
 2.21359e-05    0.0158367     2.22525e-05    0.0158859
 2.26893e-05    0.0168238     2.28162e-05    0.0168799
 2.32565e-05    0.0178599     2.33946e-05    0.0179239
 2.38379e-05    0.0189473     2.39881e-05      0.01902
 2.44339e-05    0.0200882     2.45971e-05    0.0201709
 2.50447e-05    0.0212851     2.52219e-05    0.0213791
 2.56708e-05    0.0225408     2.58632e-05    0.0226476
 2.63126e-05    0.0238581     2.65213e-05    0.0239793
 2.69704e-05    0.0252402     2.71967e-05    0.0253778
 2.76447e-05    0.0266903     2.78899e-05    0.0268464
 2.83358e-05    0.0282119     2.86015e-05     0.028389
 2.90442e-05    0.0298087     2.93319e-05    0.0300095
 2.97703e-05    0.0314843     3.00817e-05    0.0317121
 3.05146e-05    0.0332429     3.08516e-05    0.0335012
 3.12774e-05    0.0350885      3.1642e-05    0.0353815
 3.20594e-05    0.0370252     3.24537e-05    0.0373576
 3.28609e-05    0.0390575     3.32872e-05    0.0394346
 3.36824e-05    0.0411898     3.41433e-05    0.0416176
 3.45244e-05    0.0434266     3.50226e-05     0.043912
 3.53875e-05    0.0457725     3.59257e-05    0.0463234
 3.62722e-05    0.0482322     3.68536e-05    0.0488573
  3.7179e-05    0.0508105     3.78069e-05    0.0515197
 3.81085e-05    0.0535122     3.87864e-05    0.0543167
 3.90612e-05    0.0563421     3.97929e-05    0.0572544
 4.00378e-05    0.0593052     4.08274e-05    0.0603392
 4.10387e-05    0.0624064     4.18906e-05    0.0635776
 4.20647e-05    0.0656506     4.29836e-05    0.0669763
 4.31163e-05     0.069043     4.41072e-05    0.0705421
 4.41942e-05    0.0725884     4.52624e-05     0.074282
 4.52991e-05     0.076292     4.64504e-05    0.0782029
 4.64315e-05    0.0801589      4.7672e-05     0.082312
 4.75923e-05     0.084194     4.89285e-05    0.0866167
 4.87821e-05    0.0884024      5.0221e-05    0.0911243
 5.00017e-05    0.0927894     5.15506e-05    0.0958424
 5.12517e-05    0.0973598     5.29186e-05     0.100779
  5.2533e-05     0.102119     5.43262e-05     0.105941
 5.38463e-05     0.107072     5.57748e-05     0.111337
 5.51925e-05     0.112223     5.72657e-05     0.116976
 5.65723e-05     0.117578     5.88003e-05     0.122866
 5.79866e-05     0.123142     6.03802e-05     0.129015
 5.94363e-05      0.12892     6.20067e-05     0.135434
 6.09222e-05     0.134916     6.36816e-05     0.142131
 6.24452e-05     0.141136     6.54065e-05     0.149117
 6.40064e-05     0.147585      6.7183e-05     0.156403
 6.56065e-05     0.154266     6.90131e-05     0.163999
 6.72467e-05     0.161186     7.08984e-05     0.171917
 6.89279e-05     0.168348     7.28411e-05      0.18017
 7.06511e-05     0.175758      7.4843e-05     0.188771
 7.24173e-05     0.183419     7.69064e-05     0.197734
 7.42278e-05     0.191337     7.90334e-05     0.207072
 7.60835e-05     0.199516     8.12264e-05     0.216803
 7.79855e-05     0.207961     8.34876e-05     0.226941
 7.99352e-05     0.216674     8.58197e-05     0.237505
 8.19336e-05     0.225662     8.82252e-05     0.248513
 8.39819e-05     0.234927      9.0707e-05     0.259984
 8.60815e-05     0.244475     9.32678e-05      0.27194
 8.82335e-05     0.254308     9.59107e-05     0.284403
 9.04393e-05     0.264431     9.86389e-05     0.297397
 9.27003e-05     0.274847     0.000101456     0.310947
 9.50178e-05      0.28556     0.000104364     0.325081
 9.73933e-05     0.296574     0.000107369     0.339828
 9.98281e-05     0.307893     0.000110473     0.355219
 0.000102324     0.319518     0.000113681     0.371289
 0.000104882     0.331455     0.000116996     0.388074
 0.000107504     0.343705     0.000120424     0.405614
 0.000110192     0.356273     0.000123969     0.423952
 0.000112946      0.36916     0.000127636     0.443134
  0.00011577      0.38237     0.000131431     0.463212
 0.000118664     0.395906     0.000135359     0.484241
 0.000121631     0.409771     0.000139427     0.506281
 0.000124672     0.423966      0.00014364       0.5294
 0.000127788     0.438495     0.000148005     0.553671
 0.000130983      0.45336     0.000152531     0.579175
 0.000134258     0.468563     0.000157225     0.606001
 0.000137614     0.484107     0.000162095      0.63425
 0.000141054     0.499994      0.00016715     0.664033
 0.000144581     0.516226     0.000172402     0.695473
 0.000148195     0.532804     0.000177859     0.728711
   0.0001519     0.549732     0.000183534     0.763903
 0.000155698     0.567011      0.00018944     0.801225
  0.00015959     0.584643     0.000195591     0.840878
  0.00016358     0.602629     0.000202001      0.88309
 0.000167669     0.620972     0.000208689     0.928119
 0.000171861     0.639673     0.000215671     0.976263
 0.000176158     0.658735     0.000222971      1.02786
 0.000180562     0.678158     0.000230609       1.0833
 0.000185076     0.697944     0.000238612      1.14303
 0.000189703     0.718095     0.000247008      1.20757
 0.000194445     0.738613      0.00025583      1.27752
 0.000199306     0.759499     0.000265113      1.35358
 0.000204289     0.780755     0.000274897      1.43654
 0.000209396     0.802382     0.000285227      1.52735
 0.000214631     0.824382     0.000296154       1.6271
 0.000219997     0.846756     0.000307735      1.73704
 0.000225497     0.869506     0.000320033      1.85867
 0.000231134     0.892634     0.000333119      1.99369
 0.000236913     0.916141     0.000347073      2.14413
 0.000242835     0.940028     0.000361983       2.3123
 0.000248906     0.964298     0.000377947      2.50094
 0.000255129     0.988951     0.000395071       2.7132
 0.000261507      1.01399     0.000413476      2.95275
 0.000268045      1.03942     0.000433289      3.22388
 0.000274746      1.06523     0.000454651      3.53149
 0.000281615      1.09144     0.000477713      3.88131
 0.000288655      1.11803     0.000502637      4.27989
 0.000295871      1.14502     0.000529593      4.73479
 0.000303268      1.17241     0.000558763      5.25465
  0.00031085      1.20019     0.000590336      5.84931
 0.000318621      1.22837     0.000624509      6.52997
 0.000326587      1.25695     0.000661484      7.30926
 0.000334751      1.28594     0.000701466      8.20138
  0.00034312      1.31533     0.000744664      9.22216
 0.000351698      1.34512     0.000791286      10.3891
  0.00036049      1.37532     0.000841537      11.7215
 0.000369503      1.40594     0.000895618      13.2402
  0.00037874      1.43696     0.000953723      14.9677
 0.000388209       1.4684      0.00101603      16.9277
 0.000397914      1.50025      0.00108271       19.145
 0.000407862      1.53252       0.0011539      21.6449
 0.000418058      1.56521      0.00122974      24.4527
  0.00042851      1.59832      0.00131033      27.5928
 0.000439223      1.63185      0.00139572       31.088
 0.000450203      1.66581      0.00148597      34.9585
 0.000461458      1.70019      0.00158106      39.2207
 0.000472995        1.735      0.00168098      43.8864
  0.00048482      1.77024      0.00178563      48.9617
  0.00049694      1.80592      0.00189493       54.446
 0.000509364      1.84203      0.00200874       60.332
 0.000522098      1.87857      0.00212689       66.605
  0.00053515      1.91555       0.0022492      73.2434
 0.000548529      1.95297      0.00237549      80.2193
 0.000562242      1.99083      0.00250555      87.4994
 0.000576298      2.02913      0.00263921      95.0467
 0.000590706      2.06788       0.0027763      102.822
 0.000605473      2.10707      0.00291668      110.784
  0.00062061      2.14671      0.00306022      118.895
 0.000636125       2.1868      0.00320685      127.117
 0.000652028      2.22734      0.00335653      135.418
 0.000668329      2.26833      0.00350926      143.769
 0.000685037      2.30977      0.00366508      152.146
 0.000702163      2.35167      0.00382405      160.531
 0.000719717      2.39402       0.0039863      168.912
  0.00073771      2.43683      0.00415195      177.279
 0.000756153      2.48009      0.00432118      185.628
 0.000775057      2.52381      0.00449416       193.96
 0.000794433        2.568      0.00467111      202.277
 0.000814294      2.61264      0.00485225      210.585
 0.000834652      2.65774      0.00503781      218.892
 0.000855518      2.70331      0.00522803      227.206
 0.000876906      2.74933      0.00542317      235.537
 0.000898828      2.79582      0.00562347      243.897
 0.000921299      2.84278      0.00582922      252.296
 0.000944332      2.89019      0.00604066      260.745
  0.00096794      2.93808      0.00625806      269.256
 0.000992138      2.98642      0.00648171      277.838
  0.00101694      3.03523      0.00671186      286.502
  0.00104237       3.0845       0.0069488      295.257
  0.00106842      3.13424       0.0071928      304.114
  0.00109514      3.18445      0.00744415      313.081
  0.00112251      3.23511      0.00770313      322.167
  0.00115058      3.28625      0.00797002      331.378
  0.00117934      3.33784      0.00824513      340.723
  0.00120882       3.3899      0.00852874      350.208
  0.00123904      3.44242      0.00882115       359.84
  0.00127002      3.49541      0.00912268      369.625
  0.00130177      3.54885      0.00943364      379.569
  0.00133432      3.60276      0.00975434      389.677
  0.00136767      3.65713       0.0100851      399.954
  0.00140187      3.71195       0.0104263      410.405
  0.00143691      3.76724       0.0107782      421.035
  0.00147284      3.82298       0.0111412      431.847
  0.00150966      3.87918       0.0115157      442.847
   0.0015474      3.93583       0.0119019      454.037
  0.00158608      3.99294       0.0123004      465.423
  0.00162573       4.0505       0.0127114      477.006
  0.00166638      4.10852       0.0131354      488.792
  0.00170804      4.16698       0.0135728      500.782
  0.00175074      4.22589       0.0140239      512.981
  0.00179451      4.28525       0.0144893      525.392
  0.00183937      4.34505       0.0149694      538.017
  0.00188535       4.4053       0.0154645      550.861
  0.00193249      4.46599       0.0159752      563.925
   0.0019808      4.52712        0.016502      577.213
  0.00203032      4.58869       0.0170453      590.727
  0.00208108       4.6507       0.0176057       604.47
   0.0021331      4.71314       0.0181836      618.446
  0.00218643      4.77601       0.0187796      632.656
  0.00224109      4.83932       0.0193943      647.104
  0.00229712      4.90305       0.0200282      661.792
  0.00235455      4.96721       0.0206819      676.722
  0.00241341       5.0318       0.0213561      691.898
  0.00247375      5.09681       0.0220512      707.322
  0.00253559      5.16224        0.022768      722.996
  0.00259898      5.22809       0.0235071      738.923
  0.00266396      5.29435       0.0242691      755.106
  0.00273055      5.36103       0.0250549      771.547
  0.00279882      5.42812        0.025865      788.248
  0.00286879      5.49562       0.0267002      805.212
  0.00294051      5.56353       0.0275613      822.441
  0.00301402      5.63184        0.028449      839.939
  0.00308937      5.70056       0.0293642      857.706
  0.00316661      5.76967       0.0303076      875.746
  0.00324577      5.83918       0.0312801      894.062
  0.00332691      5.90909       0.0322826      912.654
  0.00341009      5.97939        0.033316      931.526
  0.00349534      6.05008       0.0343811      950.681
  0.00358272      6.12116        0.035479       970.12
  0.00367229      6.19263       0.0366105      989.845
   0.0037641      6.26448       0.0377768      1009.86
   0.0038582       6.3367       0.0389787      1030.17
  0.00395466      6.40931       0.0402175      1050.77
  0.00405352      6.48229       0.0414942      1071.66
  0.00415486      6.55565       0.0428098      1092.86
  0.00425873      6.62938       0.0441656      1114.35
   0.0043652      6.70347       0.0455627      1136.15
  0.00447433      6.77794       0.0470024      1158.25
  0.00458619      6.85276       0.0484859      1180.66
  0.00470084      6.92795       0.0500146      1203.38
  0.00481836      7.00349       0.0515896       1226.4
  0.00493882      7.07939       0.0532125      1249.75
  0.00506229      7.15564       0.0548845      1273.41
  0.00518885      7.23225       0.0566073      1297.38
  0.00531857       7.3092       0.0583821      1321.68
  0.00545154       7.3865       0.0602107       1346.3
  0.00558783      7.46415       0.0620945      1371.24
  0.00572752      7.54213       0.0640351      1396.51
  0.00587071      7.62046       0.0660343       1422.1
  0.00601748      7.69912       0.0680937      1448.03
  0.00616791      7.77812       0.0702151      1474.29
  0.00632211      7.85744       0.0724004      1500.88
  0.00648016       7.9371       0.0746513      1527.81
  0.00664217      8.01708       0.0769698      1555.08
  0.00680822      8.09739       0.0793579      1582.69
  0.00697843      8.17803       0.0818176      1610.63
  0.00715289      8.25898       0.0843509      1638.93
  0.00733171      8.34025       0.0869601      1667.57
    0.007515      8.42183       0.0896472      1696.55
  0.00770288      8.50373       0.0924147      1725.89
  0.00789545      8.58594       0.0952648      1755.57
  0.00809284      8.66846       0.0981999      1785.61
  0.00829516      8.75129        0.101223      1816.01
  0.00850254      8.83442        0.104335      1846.76
   0.0087151      8.91785         0.10754      1877.87
  0.00893298      9.00159        0.110841      1909.34
   0.0091563      9.08562        0.114239      1941.17
  0.00938521      9.16995        0.117739      1973.37
  0.00961984      9.25457        0.121342      2005.93
  0.00986034      9.33948        0.125052      2038.86
   0.0101068      9.42468        0.128872      2072.16
   0.0103595      9.51017        0.132805      2105.83
   0.0106185      9.59595        0.136855      2139.87
    0.010884      9.68201        0.141024      2174.28
   0.0111561      9.76835        0.145316      2209.07
    0.011435      9.85497        0.149735      2244.24
   0.0117208      9.94186        0.154284      2279.78
   0.0120139       10.029        0.158967      2315.71
   0.0123142      10.1165        0.163788      2352.01
   0.0126221      10.2042         0.16875       2388.7
   0.0129376      10.2922        0.173859      2425.78
   0.0132611      10.3804        0.179118      2463.24
   0.0135926       10.469        0.184531      2501.09
   0.0139324      10.5577        0.190103      2539.33
   0.0142807      10.6468        0.195838      2577.95
   0.0146377      10.7361        0.201742      2616.97
   0.0150037      10.8257        0.207818      2656.39
   0.0153788      10.9155        0.214072       2696.2
   0.0157632      11.0056        0.220508      2736.41
   0.0161573      11.0959        0.227133      2777.01
   0.0165612      11.1865        0.233951      2818.01
   0.0169753      11.2773        0.240968      2859.42
   0.0173997      11.3684         0.24819      2901.22
   0.0178346      11.4597        0.255622      2943.43
   0.0182805      11.5513        0.263271      2986.05
   0.0187375      11.6431        0.271142      3029.07
    0.019206      11.7351        0.279242       3072.5
   0.0196861      11.8274        0.287577      3116.33
   0.0201783        11.92        0.296155      3160.58
   0.0206827      12.0127        0.304981      3205.24
   0.0211998      12.1057        0.314064      3250.31
   0.0217298       12.199        0.323409      3295.79
    0.022273      12.2924        0.333026      3341.69
   0.0228299      12.3861        0.342921      3388.01
   0.0234006        12.48        0.353102      3434.74
   0.0239856      12.5742        0.363578      3481.89
   0.0245853      12.6686        0.374357      3529.46
   0.0251999      12.7632        0.385446      3577.46
   0.0258299       12.858        0.396856      3625.87
   0.0264756       12.953        0.408595      3674.71
   0.0271375      13.0483        0.420673      3723.98
    0.027816      13.1438        0.433099      3773.67
   0.0285114      13.2394        0.445882      3823.78
   0.0292241      13.3353        0.459034      3874.33
   0.0299547      13.4315        0.472564       3925.3
   0.0307036      13.5278        0.486483      3976.71
   0.0314712      13.6243        0.500801      4028.55
    0.032258      13.7211        0.515531      4080.82
   0.0330644       13.818        0.530684      4133.52
   0.0338911      13.9152        0.546272      4186.66
   0.0347383      14.0126        0.562306      4240.23
   0.0356068      14.1101          0.5788      4294.24
    0.036497      14.2079        0.595767      4348.69
   0.0374094      14.3059        0.613219      4403.58
   0.0383446       14.404         0.63117      4458.91
   0.0393032      14.5024        0.649635      4514.68
   0.0402858       14.601        0.668627      4570.89
    0.041293      14.6997        0.688162      4627.55
   0.0423253      14.7987        0.708255      4684.65
   0.0433834      14.8978        0.728921      4742.19
    0.044468      14.9972        0.750177      4800.18
   0.0455797      15.0967        0.772038      4858.62
   0.0467192      15.1964        0.794523      4917.51
   0.0478872      15.2963        0.817648      4976.85
   0.0490843      15.3964        0.841431      5036.63
   0.0503115      15.4967        0.865891      5096.87
   0.0515692      15.5971        0.891046      5157.56
   0.0528585      15.6978        0.916917      5218.71
   0.0541799      15.7986        0.943522       5280.3
   0.0555344      15.8996        0.970883      5342.36
   0.0569228      16.0007        0.999021      5404.86
   0.0583459      16.1021         1.02796      5467.83
   0.0598045      16.2036         1.05771      5531.25
   0.0612996      16.3053         1.08831      5595.14
   0.0628321      16.4072         1.11978      5659.48
   0.0644029      16.5093         1.15214      5724.28
    0.066013      16.6115         1.18541      5789.54
   0.0676633      16.7139         1.21963      5855.27
   0.0693549      16.8164         1.25481      5921.46
   0.0710888      16.9192         1.29099      5988.11
    0.072866      17.0221         1.32819      6055.23
   0.0746876      17.1251         1.36644      6122.82
   0.0765548      17.2283         1.40577      6190.87
   0.0784687      17.3317         1.44621      6259.39
   0.0804304      17.4353         1.48779      6328.37
   0.0824412       17.539         1.53054      6397.83
   0.0845022      17.6429          1.5745      6467.76
   0.0866148      17.7469         1.61969      6538.15
   0.0887801      17.8511         1.66616      6609.02
   0.0909996      17.9554         1.71394      6680.36
   0.0932746      18.0599         1.76306      6752.18
   0.0956065      18.1646         1.81356      6824.47
   0.0979967      18.2694         1.86548      6897.23
    0.100447      18.3743         1.91886      6970.47
    0.102958      18.4794         1.97374      7044.19
    0.105532      18.5847         2.03016      7118.38
     0.10817      18.6901         2.08816      7193.06
    0.110874      18.7957          2.1478      7268.21
    0.113646      18.9014          2.2091      7343.84
    0.116487      19.0072         2.27212      7419.95
    0.119399      19.1132         2.33691      7496.54
    0.122384      19.2193         2.40351      7573.61
    0.125444      19.3256         2.47198      7651.17
     0.12858       19.432         2.54236      7729.21
    0.131795      19.5386         2.61472      7807.73
    0.135089      19.6453         2.68909      7886.74
    0.138467      19.7521         2.76555      7966.24
    0.141928      19.8591         2.84414      8046.22
    0.145477      19.9662         2.92493      8126.69
    0.149113      20.0734         3.00797      8207.64
    0.152841      20.1808         3.09334      8289.09
    0.156662      20.2883         3.18108      8371.02
    0.160579       20.396         3.27127      8453.44
    0.164593      20.5038         3.36398      8536.36
    0.168708      20.6117         3.45927      8619.76
    0.172926      20.7197         3.55722      8703.66
    0.177249      20.8279          3.6579      8788.05
     0.18168      20.9362         3.76137      8872.93
    0.186222      21.0446         3.86773      8958.31
    0.190878      21.1531         3.97705      9044.18
     0.19565      21.2618         4.08941      9130.55
    0.200541      21.3706          4.2049      9217.41
    0.205555      21.4795         4.32359      9304.77
    0.210693      21.5885         4.44558      9392.62
    0.215961      21.6977         4.57096      9480.98
     0.22136      21.8069         4.69983      9569.83
    0.226894      21.9163         4.83227      9659.18
    0.232566      22.0258         4.96838      9749.03
     0.23838      22.1354         5.10828      9839.38
     0.24434      22.2452         5.25205      9930.23
    0.250448       22.355          5.3998      10021.6
     0.25671       22.465         5.55166      10113.4
    0.263127      22.5751         5.70772      10205.8
    0.269705      22.6853          5.8681      10298.7
    0.276448      22.7956         6.03292        10392
    0.283359       22.906          6.2023      10485.9
    0.290443      23.0165         6.37637      10580.3
    0.297704      23.1271         6.55526      10675.1
    0.305147      23.2379         6.73909      10770.5
    0.312776      23.3487         6.92801      10866.4
    0.320595      23.4597         7.12214      10962.8
     0.32861      23.5707         7.32164      11059.7
    0.336825      23.6819         7.52665      11157.1
    0.345246      23.7931         7.73732      11255.1
    0.353877      23.9045          7.9538      11353.5
    0.362724       24.016         8.17626      11452.4
    0.371792      24.1275         8.40485      11551.9
    0.381087      24.2392         8.63975      11651.9
    0.390614      24.3509         8.88113      11752.3
    0.400379      24.4628         9.12915      11853.3
    0.410389      24.5747         9.38401      11954.8
    0.420648      24.6868         9.64589      12056.8
    0.431165      24.7989         9.91498      12159.4
    0.441944      24.9112         10.1915      12262.4
    0.452992      25.0235         10.4756      12365.9
    0.464317      25.1359         10.7675        12470
    0.475925      25.2484         11.0675      12574.6
    0.487823       25.361         11.3757      12679.7
    0.500019      25.4737         11.6923      12785.3
    0.512519      25.5865         12.0177      12891.4
    0.525332      25.6993          12.352      12998.1
    0.538466      25.8123         12.6955      13105.3
    0.551927      25.9253         13.0485      13212.9
    0.565725      26.0384         13.4111      13321.1
    0.579869      26.1516         13.7836      13429.9
    0.594365      26.2649         14.1664      13539.1
    0.609224      26.3783         14.5597      13648.9
    0.624455      26.4917         14.9638      13759.1
    0.640066      26.6053          15.379      13869.9
    0.656068      26.7189         15.8055      13981.3
     0.67247      26.8326         16.2437      14093.1
    0.689281      26.9463         16.6939      14205.5
    0.706514      27.0602         17.1565      14318.4
    0.724176      27.1741         17.6317      14431.8
    0.742281      27.2881         18.1199      14545.7
    0.760838      27.4022         18.6215      14660.2
    0.779859      27.5163         19.1368      14775.1
    0.799355      27.6305         19.6662      14890.6
    0.819339      27.7448         20.2101      15006.7
    0.839823      27.8592         20.7688      15123.2
    0.860818      27.9736         21.3428      15240.3
    0.882339      28.0881         21.9325      15357.9
    0.904397      28.2027         22.5383        15476
    0.927007      28.3173         23.1607      15594.7
    0.950182       28.432            23.8      15713.8
    0.973937      28.5468         24.4568      15833.5
    0.998285      28.6616         25.1315      15953.8
     1.02324      28.7765         25.8246      16074.5
     1.04882      28.8915         26.5366      16195.8
     1.07504      29.0065          27.268      16317.6
     1.10192      29.1216         28.0194        16440
     1.12947      29.2368         28.7913      16562.8
      1.1577       29.352         29.5842      16686.2
     1.18665      29.4673         30.3986      16810.2
     1.21631      29.5826         31.2353      16934.6
     1.24672       29.698         32.0948      17059.6
     1.27789      29.8134         32.9776      17185.1
     1.30984       29.929         33.8845      17311.2
     1.34258      30.0445          34.816      17437.7
     1.37615      30.1601         35.7729      17564.9
     1.41055      30.2758         36.7559      17692.5
     1.44581      30.3915         37.7655      17820.7
     1.48196      30.5073         38.8026      17949.4
     1.51901      30.6232         39.8679      18078.6
     1.55698       30.739         40.9621      18208.4
     1.59591       30.855         42.0861      18338.7
     1.63581       30.971         43.2406      18469.5
      1.6767       31.087         44.4264      18600.8
     1.71862      31.2031         45.6444      18732.7
     1.76158      31.3192         46.8955      18865.2
     1.80562      31.4354         48.1806      18998.1
     1.85076      31.5516         49.5005      19131.6
     1.89703      31.6679         50.8562      19265.6
     1.94446      31.7842         52.2486      19400.2
     1.99307      31.9005         53.6789      19535.3
      2.0429       32.017         55.1479      19670.9
     2.09397      32.1334         56.6567      19807.1
     2.14632      32.2499         58.2064      19943.8
     2.19998      32.3664         59.7981        20081
     2.25498       32.483         61.4329      20218.7
     2.31135      32.5996         63.1119        20357
     2.36914      32.7162         64.8364      20495.9
     2.42836      32.8329         66.6076      20635.2
     2.48907      32.9496         68.4268      20775.2
      2.5513      33.0664         70.2951      20915.6
     2.61508      33.1832          72.214      21056.6
     2.68046         33.3         74.1848      21198.1
     2.74747      33.4169         76.2089      21340.1
     2.81616      33.5338         78.2877      21482.7
     2.88656      33.6507         80.4226      21625.8
     2.95873      33.7677         82.6153      21769.5
     3.03269      33.8847         84.8672      21913.7
     3.10851      34.0017           87.18      22058.4
     3.18622      34.1187         89.5552      22203.6
     3.26588      34.2358         91.9946      22349.4
     3.34753      34.3529         94.4998      22495.8
     3.43121      34.4701         97.0726      22642.6
     3.51699      34.5873         99.7149      22790.1
     3.60492      34.7045         102.428        22938
     3.69504      34.8217         105.215      23086.5
     3.78742      34.9389         108.077      23235.5
      3.8821      35.0562         111.016      23385.1
     3.97916      35.1735         114.034      23535.1
     4.07864      35.2908         117.134      23685.8
      4.1806      35.4082         120.317      23836.9
     4.28512      35.5255         123.586      23988.6
     4.39224      35.6429         126.943      24140.9
     4.50205      35.7603         130.391      24293.7
      4.6146      35.8777         133.931        24447
     4.72997      35.9952         137.567      24600.8
     4.84822      36.1127           141.3      24755.2
     4.96942      36.2301         145.134      24910.2
     5.09366      36.3476         149.072      25065.6
       5.221      36.4652         153.115      25221.6
     5.35152      36.5827         157.267      25378.2
     5.48531      36.7002          161.53      25535.2
     5.62244      36.8178         165.908      25692.9
     5.76301      36.9354         170.404        25851
     5.90708       37.053         175.021      26009.7
     6.05476      37.1706         179.762      26168.9
     6.20613      37.2882          184.63      26328.7
